4294967279,61
4294967279,60
4294967279,59
4294967294,21
4294967294,902
4294967294,97
4294967294,189
4294967294,184
4294967294,384
4294967294,185
4294967294,74
4294967294,164
4294967294,163
4294967279,56
4294967278,547
4294967279,54
4294967279,53
4294967279,51
4294967279,50
4294967279,49
4294967279,48
4294967278,307
4294967278,181
4294967278,180
4294967278,546
4294967278,542
4294967278,0
4294967279,334
4294967279,349
4294967279,0
4294967278,178
4294967278,177
4294967278,305
4294967279,46
4294967279,45
4294967279,44
4294967279,43
4294967279,42
4294967279,41
4294967278,175
4294967278,524
4294967279,333
4294967278,172
4294967278,171
4294967278,302
4294967278,169
4294967278,300
4294967279,38
4294967278,167
4294967278,519
4294967279,167
4294967278,165
4294967279,36
4294967279,35
4294967279,164
4294967279,341
4294967279,33
4294967279,158
4294967279,326
4294967279,148
4294967279,31
4294967279,30
4294967279,29
4294967279,28
4294967279,27
4294967279,138
4294967279,26
4294967279,23
4294967279,22
4294967279,21
4294967279,20
4294967279,19
4294967279,18
4294967279,15
4294967279,12
27,6
4294967279,145
27,5
27,4
4294967279,144
27,3
27,2
27,1
4294967279,317
4294967294,37
4294967294,36
4294967294,40
4294967294,39
4294967279,142
4294967279,141
4294967279,140
26,4
26,3
26,2
26,1
4294967294,53
4294967294,91
4294967294,87
4294967294,85
4294967294,42
4294967294,425
4294967294,1419
4294967294,75
4294967294,169
4294967294,183
4294967294,174
4294967294,173
4294967294,14
4294967294,126
4294967294,18
4294967294,127
4294967294,20
4294967294,13
4294967294,104
4294967294,106
4294967294,166
4294967294,24
4294967294,160
4294967294,168
4294967294,162
4294967294,1416
4294967294,120
4294967294,51
4294967294,52
4294967294,451
4294967294,524
4294967294,422
4294967294,5
4294967294,76
4294967294,1417
4294967294,83
4294967294,30
4294967294,947
4294967294,944
4294967294,943
4294967294,938
4294967294,927
4294967294,896
4294967294,437
4294967294,60
4294967294,92
4294967294,88
4294967294,426
4294967294,81
4294967294,11
4294967294,469
4294967279,135
4294967294,7
4294967279,133
25,5
25,4
25,3
25,2
25,1
4294967279,289
4294967294,9
4294967294,8
4294967294,38
4294967294,1421
4294967294,1420
4294967294,429
4294967294,393
4294967294,2
4294967294,0
4294967294,954
4294967294,415
4294967294,1
4294967294,955
4294967294,413
4294967294,470
4294967279,275
4294967278,132
4294967278,131
4294967278,130
4294967278,129
4294967278,128
4294967278,127
4294967278,126
4294967278,125
4294967278,124
4294967278,123
4294967278,122
4294967278,121
4294967278,120
4294967278,119
4294967278,118
4294967278,117
4294967278,116
4294967278,115
4294967278,114
4294967278,113
4294967278,112
4294967278,111
4294967278,110
4294967278,109
4294967278,108
4294967278,107
4294967278,106
4294967278,105
4294967278,104
4294967278,103
4294967278,102
4294967278,101
4294967278,100
4294967278,99
4294967278,98
4294967278,97
4294967278,96
4294967278,95
4294967278,94
4294967278,93
4294967278,92
4294967278,91
4294967278,90
4294967278,89
4294967278,87
4294967278,86
4294967278,85
4294967278,84
4294967278,83
4294967278,82
4294967278,81
4294967278,80
4294967278,79
4294967278,78
4294967278,77
4294967278,76
4294967278,75
4294967278,74
4294967278,73
4294967278,72
4294967278,71
4294967278,70
4294967278,69
4294967278,68
4294967278,67
4294967278,66
4294967278,65
4294967278,64
4294967278,63
4294967278,62
4294967278,61
4294967278,60
4294967278,59
4294967278,58
4294967278,57
4294967278,56
4294967278,55
4294967278,54
4294967278,53
4294967278,52
4294967278,51
4294967278,544
4294967279,62
4294967279,58
4294967279,57
4294967279,55
4294967279,52
4294967279,47
4294967279,40
4294967279,39
4294967279,37
4294967279,34
4294967279,32
4294967279,25
4294967279,24
4294967279,17
4294967279,16
4294967279,14
4294967279,13
4294967279,11
4294967279,10
4294967279,9
4294967279,8
4294967279,7
4294967279,6
4294967279,5
4294967279,4
4294967294,50
4294967294,22
4294967294,17
4294967294,99
4294967294,41
4294967294,107
4294967294,6
4294967294,94
4294967294,93
4294967294,96
4294967294,95
24,4
24,3
24,2
24,1
0,7
4294967294,45
